timestamp,ctrl_output_x(ned),ctrl_output_y(ned),ctrl_output_z(ned),U1,q_d_w,q_d_x,q_d_y,q_d_z
1524969431845716949,3.14353,-3.88821,-12.0104,0.368697,0.798734,-0.093546,-0.388625,-0.243399
1524969431861846948,3.1473,-3.88516,-11.9869,0.367869,0.79881,-0.0936196,-0.388805,-0.243184
1524969431870526771,3.14189,-3.88954,-11.9984,0.368252,0.798661,-0.0936659,-0.388685,-0.243504
1524969431878831661,3.0909,-3.93018,-12.0928,0.371115,0.79723,-0.0941825,-0.387656,-0.24649
1524969431886992722,3.0989,-3.92388,-12.0867,0.371053,0.79747,-0.0940442,-0.387763,-0.246021
1524969431895456882,3.17866,-3.85955,-11.9061,0.365454,0.799645,-0.0934413,-0.389595,-0.241329
1524969431912145819,3.15345,-3.88017,-12.094,0.37117,0.799191,-0.0927485,-0.388194,-0.242756
1524969431920389597,3.15344,-3.88019,-12.094,0.371206,0.799191,-0.0927487,-0.388194,-0.242757
1524969431928638244,3.13827,-3.89246,-12.0788,0.370768,0.79869,-0.0932004,-0.388155,-0.243678
1524969431937064746,3.13622,-3.89411,-12.053,0.369926,0.79858,-0.0934228,-0.388296,-0.243815
1524969431945234631,3.12242,-3.90519,-11.8546,0.358759,0.797791,-0.0951156,-0.389416,-0.24475
1524969431961875688,3.18538,-3.854,-12.1793,0.373773,0.800337,-0.0914399,-0.387945,-0.240774
1524969431970140589,3.15894,-3.8757,-11.8418,0.359745,0.798911,-0.0943517,-0.389829,-0.242562
1524969431978661976,3.22164,-2.89797,-15.2718,0.468546,0.822419,-0.0554928,-0.365672,-0.203294
1524969431986729370,3.22157,-2.89802,-15.2717,0.468439,0.822417,-0.0554942,-0.365672,-0.203299
1524969431995200259,2.72372,-4.19301,-8.20236,0.251918,0.774372,-0.140918,-0.41438,-0.270736
1524969432011511070,3.20626,-3.83665,-12.1456,0.372851,0.800931,-0.0911766,-0.388333,-0.239512
1524969432020377656,3.20609,-3.83679,-12.1361,0.3725,0.800909,-0.0912434,-0.38839,-0.239527
1524969432028642286,3.14437,-3.88754,-11.9939,0.368101,0.798731,-0.0936393,-0.388735,-0.243357
1524969432036964405,3.14089,-3.89035,-11.9985,0.368258,0.79863,-0.0936883,-0.388676,-0.243564
1524969432045526317,3.07586,-3.94196,-12.0046,0.368435,0.796602,-0.0951321,-0.388063,-0.247423
1524969432062108418,3.22887,-3.81764,-12.1147,0.371824,0.801583,-0.0908486,-0.388721,-0.238131
1524969432070253876,3.224,-3.82176,-12.1185,0.371921,0.801438,-0.0909386,-0.388654,-0.238431
1524969432078638561,3.12693,-3.90158,-12.1107,0.371756,0.79839,-0.0932439,-0.387861,-0.24434
1524969432087025204,3.11986,-3.90723,-12.1053,0.371583,0.79816,-0.0934411,-0.387832,-0.244765
1524969432095330796,3.07719,-3.94093,-12.0354,0.369399,0.796699,-0.0948877,-0.387886,-0.247329
1524969432111831300,3.21771,-3.82705,-12.0467,0.369815,0.801116,-0.0915648,-0.389051,-0.238858
1524969432120252040,3.21321,-3.83083,-12.0502,0.369888,0.800982,-0.0916477,-0.388989,-0.239134
1524969432128617008,3.1401,-3.89099,-11.9809,0.367727,0.798574,-0.0938276,-0.388779,-0.243621
1524969432137236720,3.14099,-3.89027,-12.0016,0.368427,0.798638,-0.0936652,-0.388658,-0.243556
1524969432145184620,3.15417,-3.87959,-12.2015,0.370847,0.799399,-0.092011,-0.387541,-0.242657
1524969432161868897,3.1044,-3.91953,-12.0605,0.370215,0.797597,-0.0940992,-0.387972,-0.245709
1524969432170413744,3.08375,-3.9358,-11.7305,0.356245,0.796346,-0.0968959,-0.389853,-0.247116
1524969432178462147,2.95286,-4.03493,-9.8052,0.301055,0.787628,-0.116361,-0.402565,-0.256144
1524969432187373887,2.99023,-4.00731,-10.4371,0.320452,0.790554,-0.109501,-0.397943,-0.253449
1524969432195069380,3.31021,-3.10154,-15.1357,0.464391,0.819701,-0.0598661,-0.368883,-0.208531
1524969432211909938,2.79119,-4.14841,-8.04886,0.247274,0.775835,-0.141076,-0.417154,-0.267351
1524969432220220047,2.82506,-4.12541,-8.69533,0.267105,0.779729,-0.13187,-0.410928,-0.264541
1524969432228836325,3.28025,-3.77358,-13.9122,0.426911,0.805779,-0.0791962,-0.379101,-0.234158
1524969432236998722,3.28027,-3.77357,-13.9121,0.426933,0.805779,-0.079196,-0.379102,-0.234157
1524969432245248767,3.2006,-3.84137,-12.1488,0.372874,0.80076,-0.0912879,-0.388264,-0.239858
1524969432261959578,3.16811,-3.86821,-12.1401,0.372628,0.79973,-0.0921006,-0.388037,-0.241845
1524969432270289451,3.16641,-3.86961,-12.1335,0.37249,0.799665,-0.0921835,-0.388063,-0.241952
1524969432278596138,3.12888,-3.90002,-12.0658,0.370374,0.798373,-0.0935042,-0.388153,-0.244248
1524969432287229896,3.12789,-3.90081,-12.0625,0.370145,0.798336,-0.0935495,-0.388165,-0.244309
1524969432295302267,3.13371,-3.89614,-12.0801,0.365551,0.798549,-0.0932967,-0.388107,-0.243951
1524969432311604971,2.96683,-4.02467,-9.84813,0.302362,0.788198,-0.115579,-0.40238,-0.255308
1524969432320465351,2.98252,-4.01305,-10.1696,0.308314,0.789605,-0.112121,-0.399943,-0.254118
1524969432328356765,3.33115,-3.72873,-14.0731,0.431922,0.807546,-0.0772914,-0.37863,-0.230868
1524969432337232344,3.35708,-3.7054,-14.3839,0.441408,0.808699,-0.0752212,-0.377289,-0.229096
1524969432345544566,3.37472,-3.68935,-14.241,0.433348,0.809086,-0.0755288,-0.378078,-0.227995
1524969432362137754,2.96934,-4.02281,-10.194,0.309145,0.789254,-0.112227,-0.399592,-0.254849
1524969432370426038,2.95207,-4.0355,-9.87127,0.29913,0.787798,-0.115733,-0.402002,-0.256125
1524969432378942130,3.36076,-3.20603,-15.452,0.474091,0.818724,-0.0606739,-0.368955,-0.210771
1524969432386989463,3.36075,-3.20605,-15.452,0.473994,0.818724,-0.0606744,-0.368955,-0.210772
1524969432395333692,2.83672,-4.11741,-8.27804,0.254294,0.778351,-0.136748,-0.415406,-0.264496
1524969432412083778,3.10942,-3.91555,-12.0684,0.370471,0.797768,-0.0939307,-0.387967,-0.245407
1524969432420255694,3.10939,-3.91557,-12.0684,0.370384,0.797767,-0.0939317,-0.387967,-0.245408
1524969432429006734,3.19043,-3.84983,-12.1555,0.373038,0.800453,-0.0914802,-0.388134,-0.240478
1524969432437396171,3.15079,-3.88233,-11.5079,0.349502,0.798018,-0.0969339,-0.391945,-0.243249
1524969432445342749,2.81625,-4.13143,-7.56739,0.232494,0.774206,-0.147087,-0.423176,-0.266817
1524969432462353165,3.41229,-3.28542,-14.8618,0.455962,0.817488,-0.0644125,-0.372715,-0.21211
1524969432470282286,3.41227,-3.28551,-14.8617,0.455971,0.817486,-0.0644144,-0.372715,-0.212114
1524969432478671159,3.06429,-3.95096,-12.2101,0.374844,0.796598,-0.0939771,-0.386721,-0.24799
1524969432486995956,3.06401,-3.95118,-12.2047,0.370771,0.79658,-0.0940198,-0.386751,-0.248009
1524969432495403028,3.17038,-3.86635,-12.1555,0.373066,0.799827,-0.0919449,-0.387962,-0.241699
1524969432511832550,3.1384,-3.89235,-12.1197,0.372014,0.798765,-0.0929205,-0.387905,-0.243648
1524969432520692687,3.14101,-3.89025,-12.1221,0.372025,0.798851,-0.0928446,-0.387913,-0.24349
1524969432528870424,3.16864,-3.86778,-12.1737,0.373668,0.799804,-0.0918644,-0.387836,-0.241796
1524969432536727459,3.16705,-3.86908,-12.1784,0.373801,0.799762,-0.0918697,-0.387793,-0.24189
1524969432545139572,3.06386,-3.9513,-12.1916,0.374211,0.796553,-0.0941121,-0.386828,-0.248025
1524969432561971201,3.28341,-3.77084,-12.1675,0.373431,0.803373,-0.0892024,-0.38886,-0.234688
1524969432570291738,3.26929,-3.78309,-12.1653,0.37332,0.802929,-0.0895559,-0.388753,-0.235581
1524969432578535530,3.0031,-3.99768,-12.1583,0.373225,0.794586,-0.0956762,-0.386502,-0.251557
1524969432586983905,3.01257,-3.99054,-12.1604,0.373305,0.794888,-0.0954551,-0.386572,-0.251013
1524969432595236087,3.23033,-3.81641,-12.1845,0.370161,0.801748,-0.0903553,-0.388298,-0.238006
1524969432611766340,3.11303,-3.91268,-12.1435,0.367641,0.798012,-0.0933372,-0.38754,-0.245152
1524969432620223991,3.10939,-3.91557,-12.1596,0.373233,0.797925,-0.0933108,-0.387411,-0.24536
1524969432628638254,3.19451,-3.84644,-12.1726,0.373708,0.80061,-0.0912721,-0.388064,-0.240219
1524969432637017623,3.19127,-3.84913,-12.1609,0.373265,0.800489,-0.0914248,-0.388108,-0.240423
1524969432645264140,3.11598,-3.91033,-12.0959,0.366134,0.798022,-0.0935933,-0.387856,-0.245001
1524969432661974198,2.91049,-4.06559,-10.0897,0.3058,0.787101,-0.114676,-0.399716,-0.258264
1524969432670289773,2.94814,-4.03837,-10.7296,0.329325,0.789944,-0.107967,-0.395298,-0.255611
1524969432678902909,3.3782,-3.68616,-14.1659,0.434637,0.809108,-0.075817,-0.378465,-0.227791
1524969432686845880,3.37821,-3.68615,-14.1659,0.434804,0.809108,-0.075817,-0.378465,-0.227791
1524969432695466294,3.11884,-3.90805,-12.0687,0.370397,0.798063,-0.0937143,-0.388047,-0.244846
1524969432711986765,2.97369,-4.0196,-9.93946,0.301328,0.788682,-0.114518,-0.401705,-0.25483
1524969432720045377,2.974,-4.01937,-9.94478,0.305307,0.788707,-0.114459,-0.401665,-0.254807
1524969432728811308,3.52855,-3.42276,-15.2135,0.466742,0.816906,-0.0655162,-0.373574,-0.21308
1524969432736942854,3.52854,-3.42281,-15.2136,0.466754,0.816905,-0.065517,-0.373574,-0.213082
1524969432745168721,2.99409,-4.00443,-10.3533,0.317822,0.79046,-0.110154,-0.398633,-0.253297
1524969432761939550,3.10766,-3.91694,-12.0818,0.37092,0.797736,-0.0938792,-0.38787,-0.245504
1524969432770366905,3.10957,-3.91543,-12.0973,0.371299,0.797823,-0.0937297,-0.387791,-0.245382
1524969432778753443,3.21336,-3.83071,-12.3559,0.3793,0.801506,-0.0896413,-0.387108,-0.238969
1524969432787184735,3.20236,-3.8399,-12.3366,0.378596,0.801132,-0.090019,-0.387132,-0.239655
1524969432795292518,3.03368,-3.97451,-12.0947,0.371206,0.795437,-0.0954469,-0.387146,-0.249832
1524969432811894697,3.20521,-3.83753,-12.2946,0.377347,0.801151,-0.0902249,-0.387409,-0.239501
1524969432820455567,3.20567,-3.83715,-12.2908,0.377223,0.801158,-0.0902392,-0.387437,-0.239475
1524969432828752758,3.14851,-3.88419,-12.203,0.374574,0.799225,-0.0921308,-0.387484,-0.242997
1524969432836883985,3.14662,-3.88571,-12.2093,0.374762,0.799176,-0.0921319,-0.38743,-0.243107
1524969432845622878,3.119,-3.90792,-12.2239,0.375213,0.798337,-0.0926608,-0.387106,-0.244754
1524969432862041630,3.17792,-3.86016,-12.2673,0.37647,0.800253,-0.0910325,-0.387345,-0.241184
1524969432870393476,3.13132,-3.89805,-11.6034,0.352381,0.797595,-0.0967019,-0.391123,-0.244363
1524969432878627952,2.74842,-4.17687,-7.6076,0.229698,0.772229,-0.148536,-0.421476,-0.270442
1524969432886793682,2.78103,-4.15522,-8.26367,0.249817,0.776496,-0.13851,-0.414662,-0.267562
1524969432895393286,3.4503,-2.23767,-15.1771,0.465495,0.837287,-0.04249,-0.3641,-0.162468
1524969432911955632,2.84941,-4.10863,-8.44754,0.259409,0.779493,-0.134238,-0.413817,-0.263545
1524969432920397849,2.81699,-4.13093,-7.79224,0.235374,0.775409,-0.143853,-0.420508,-0.266371
1524969432928992492,3.57535,-3.49526,-15.5051,0.475728,0.816518,-0.0656895,-0.373373,-0.214035
1524969432937112982,3.57532,-3.4953,-15.505,0.475721,0.816517,-0.0656906,-0.373373,-0.214037
1524969432945329856,2.81992,-4.12893,-8.24647,0.25321,0.77767,-0.137636,-0.415474,-0.265468
1524969432962323792,3.15532,-3.87865,-12.2256,0.375187,0.799476,-0.0918248,-0.387405,-0.242575
1524969432970239553,3.15533,-3.87865,-12.2257,0.37527,0.799476,-0.0918243,-0.387405,-0.242574
1524969432978895539,3.11646,-3.90995,-12.3217,0.378196,0.798421,-0.0920675,-0.386501,-0.244855
1524969432986995578,3.11614,-3.9102,-12.3158,0.372897,0.798402,-0.092114,-0.386534,-0.244877
1524969432995544558,3.19001,-3.85018,-12.3227,0.378244,0.800723,-0.0903938,-0.387112,-0.240419
1524969433012127788,2.94823,-4.03831,-9.93983,0.30136,0.787875,-0.115165,-0.401387,-0.256278
1524969433020694709,2.99404,-4.00446,-10.8946,0.334444,0.79178,-0.105478,-0.394608,-0.252877
1524969433028630861,3.55258,-3.02242,-15.3303,0.47023,0.824371,-0.0571999,-0.370495,-0.19651
1524969433037139679,3.5882,-3.15605,-14.9426,0.458411,0.822094,-0.0611776,-0.373656,-0.200842
1524969433045544782,2.90572,-4.069,-8.67026,0.266342,0.782211,-0.129935,-0.412395,-0.260096
1524969433061979611,3.07995,-3.93877,-12.1185,0.371917,0.796931,-0.0942532,-0.387405,-0.247121
1524969433070362873,3.04713,-3.96422,-11.498,0.349062,0.794744,-0.0994577,-0.391016,-0.249402
1524969433078598858,2.85274,-4.10632,-7.95326,0.244282,0.777358,-0.140574,-0.419261,-0.26412
1524969433086840479,2.89778,-4.07466,-8.90033,0.273319,0.782847,-0.127464,-0.409996,-0.260246
1524969433094990289,3.6252,-2.97176,-15.1647,0.465215,0.825948,-0.0566696,-0.371813,-0.19189
1524969433112029062,2.94733,-4.03896,-10.4604,0.321155,0.789255,-0.110347,-0.397277,-0.255872
1524969433120215614,2.94885,-4.03785,-10.4521,0.320924,0.789282,-0.110384,-0.397357,-0.255793
1524969433128651483,3.1367,-3.89373,-12.2906,0.377285,0.799003,-0.0918181,-0.386856,-0.243662
1524969433136987209,3.10127,-3.92201,-11.6214,0.352947,0.796687,-0.0972798,-0.390722,-0.246145
1524969433145272492,2.83502,-4.11858,-7.64571,0.234776,0.77523,-0.145387,-0.422562,-0.265636
1524969433162022724,3.65484,-3.1703,-15.1957,0.46621,0.822841,-0.0603998,-0.373456,-0.199084
1524969433170448624,3.67932,-3.23954,-15.0038,0.460294,0.821749,-0.0624393,-0.375145,-0.201043
1524969433178806246,3.03386,-3.97438,-10.3577,0.317949,0.791728,-0.109115,-0.399059,-0.250994
1524969433187038566,3.03388,-3.97436,-10.3576,0.317947,0.791728,-0.109115,-0.399059,-0.250993
1524969433195392624,3.13221,-3.89734,-12.3413,0.378812,0.798947,-0.0915853,-0.386517,-0.243905
1524969433212094223,3.07144,-3.94541,-12.3182,0.378136,0.797005,-0.0930908,-0.386144,-0.247515
1524969433220207506,3.07886,-3.93962,-12.3273,0.378437,0.797253,-0.0928666,-0.386153,-0.247075
1524969433228737496,3.18734,-3.85239,-12.3736,0.37978,0.800724,-0.0901253,-0.386784,-0.240557
1524969433237014253,3.18732,-3.8524,-12.3736,0.379825,0.800723,-0.0901262,-0.386785,-0.240558
1524969433245477285,3.14168,-3.88971,-12.2505,0.375985,0.799091,-0.0919706,-0.387139,-0.243384
1524969433262217158,2.8357,-4.11811,-7.98273,0.245146,0.776953,-0.140677,-0.418639,-0.265017
1524969433270261237,2.88091,-4.08661,-8.94123,0.274613,0.782461,-0.127455,-0.409356,-0.261138
1524969433278742856,3.49148,-3.57905,-15.0874,0.462985,0.813561,-0.0691952,-0.374793,-0.219962
1524969433286950426,3.4915,-3.57903,-15.0873,0.462844,0.813562,-0.0691949,-0.374793,-0.21996
1524969433295458070,3.17127,-3.86563,-12.315,0.37798,0.800125,-0.090873,-0.387001,-0.241564
1524969433311971858,3.13977,-3.89125,-12.2142,0.369719,0.79897,-0.0922552,-0.387341,-0.243517
1524969433320448167,3.14126,-3.89005,-12.2423,0.375701,0.799065,-0.0920343,-0.387185,-0.243413
1524969433328542652,3.15472,-3.87914,-12.4784,0.382925,0.799875,-0.0901907,-0.385897,-0.242484
1524969433337174775,3.1533,-3.8803,-12.4687,0.382666,0.799815,-0.0902849,-0.385942,-0.242575
1524969433345290251,3.12981,-3.89927,-12.2803,0.377002,0.79877,-0.0920421,-0.38686,-0.24408
1524969433361942315,3.12021,-3.90696,-12.3346,0.378556,0.79856,-0.0918987,-0.386456,-0.244625
1524969433370161059,3.10615,-3.91814,-12.02,0.365184,0.79758,-0.094338,-0.388236,-0.245627
1524969433378928719,3.61693,-3.45222,-15.3817,0.471973,0.81768,-0.065259,-0.374116,-0.211099
1524969433386961567,3.61687,-3.45228,-15.3817,0.471913,0.817678,-0.0652602,-0.374115,-0.211103
1524969433395237192,2.8289,-4.12278,-8.6235,0.2648,0.779564,-0.132636,-0.411702,-0.264428
1524969433411848986,2.78921,-4.14974,-8.00493,0.245926,0.775562,-0.141728,-0.417608,-0.267531
1524969433420515465,2.83432,-4.11905,-8.95472,0.275027,0.781022,-0.128556,-0.408553,-0.263697
1524969433428598817,3.81162,-3.23598,-15.1424,0.461215,0.823392,-0.061613,-0.376195,-0.196503
1524969433436849319,3.75875,-3.29724,-15.4413,0.470458,0.822058,-0.0617806,-0.374543,-0.200548
1524969433445336745,3.35642,-3.706,-14.7479,0.452495,0.809064,-0.0735373,-0.3756,-0.22903
1524969433461984980,2.85559,-4.10434,-8.68069,0.266652,0.780649,-0.131208,-0.411534,-0.26288
1524969433470525004,2.85451,-4.10509,-8.67339,0.266327,0.780586,-0.131325,-0.411591,-0.262949
1524969433478778934,3.1328,-3.89687,-12.324,0.378255,0.798937,-0.0916858,-0.386625,-0.243878
1524969433486875408,3.11648,-3.90993,-11.9914,0.3643,0.797853,-0.0942993,-0.388504,-0.245028
1524969433495209495,3.64726,-3.42016,-14.9707,0.459387,0.818222,-0.0662079,-0.376145,-0.208999
1524969433511889917,2.77645,-4.15828,-8.42539,0.25401,0.777056,-0.136551,-0.412902,-0.267567
1524969433520292891,2.77878,-4.15673,-8.42729,0.258745,0.777138,-0.136463,-0.412919,-0.267438
1524969433528803561,3.206,-3.83687,-12.3595,0.379239,0.801283,-0.0897879,-0.387024,-0.239421
1524969433536774214,3.2057,-3.83712,-12.3543,0.375496,0.801265,-0.0898282,-0.387053,-0.239441
1524969433545336532,3.11947,-3.90754,-12.5159,0.384148,0.798833,-0.0907348,-0.385392,-0.244578
1524969433562003147,3.1928,-3.84786,-12.2937,0.377274,0.800762,-0.0905178,-0.387311,-0.240263
1524969433570306021,3.16845,-3.86793,-11.956,0.363186,0.799416,-0.0933383,-0.389187,-0.241922
1524969433578584179,2.9153,-4.06214,-10.055,0.308751,0.787157,-0.114887,-0.40005,-0.258026
1524969433587049462,2.93113,-4.05073,-10.3915,0.315248,0.788565,-0.111362,-0.397614,-0.256842
1524969433595532129,3.85906,-3.17925,-15.307,0.469557,0.824983,-0.0598296,-0.375659,-0.192686
1524969433611939922,2.79118,-4.14841,-8.62097,0.264816,0.778343,-0.1337,-0.411152,-0.26649
1524969433620404546,2.76718,-4.16446,-8.00667,0.241981,0.77486,-0.142338,-0.417219,-0.268723
1524969433628736711,2.85611,-4.10398,-8.15839,0.245742,0.778434,-0.137744,-0.417019,-0.263605
1524969433637195436,2.89674,-4.0754,-9.08981,0.279074,0.783508,-0.125346,-0.408172,-0.260074
1524969433645281667,3.76993,-3.28445,-15.1212,0.463945,0.822105,-0.0627129,-0.37608,-0.199758
1524969433662020136,3.00934,-3.99298,-10.564,0.324301,0.791476,-0.107914,-0.397196,-0.252249
1524969433670333628,3.00758,-3.99431,-10.5634,0.324311,0.791419,-0.107962,-0.39718,-0.252351
1524969433679041018,2.8564,-4.10378,-8.12573,0.245694,0.778293,-0.138164,-0.417384,-0.26364
1524969433687187580,2.85635,-4.10381,-8.12569,0.245645,0.778291,-0.138166,-0.417383,-0.263642
1524969433695215721,3.49293,-3.57763,-15.1819,0.462318,0.813695,-0.0687679,-0.37438,-0.219838
1524969433712082887,3.48443,-3.58591,-15.4777,0.471356,0.813705,-0.0677347,-0.373054,-0.220345
1524969433720444945,3.44766,-3.62127,-14.9831,0.459736,0.812113,-0.0705759,-0.375031,-0.222954
1524969433728760092,2.92741,-4.05343,-8.84181,0.271454,0.783572,-0.127318,-0.411002,-0.25865
1524969433736940793,2.92743,-4.05341,-8.83671,0.271474,0.783553,-0.127376,-0.411052,-0.258656
1524969433745515496,3.12626,-3.90212,-12.3778,0.37993,0.798821,-0.0914795,-0.386252,-0.244242
1524969433762185535,2.85818,-4.10254,-8.04459,0.247037,0.777971,-0.139186,-0.418318,-0.263669
1524969433770443860,2.8972,-4.07508,-9.00106,0.276307,0.783202,-0.126331,-0.409018,-0.260155
1524969433778869190,3.48242,-3.58787,-15.1334,0.464323,0.813327,-0.0691954,-0.374541,-0.220567
1524969433787157305,3.48243,-3.58786,-15.1335,0.464311,0.813327,-0.069195,-0.374541,-0.220567
1524969433795190300,3.13467,-3.89536,-12.4787,0.382972,0.799248,-0.0906369,-0.385731,-0.243689
1524969433812068116,3.14742,-3.88507,-12.3049,0.377645,0.799362,-0.0914813,-0.386861,-0.24301
1524969433820239791,3.1495,-3.88338,-12.3275,0.378347,0.799465,-0.0912861,-0.386744,-0.242874
1524969433828793142,3.16628,-3.86971,-12.5032,0.383791,0.800276,-0.0897724,-0.385846,-0.241773
1524969433836797731,3.16629,-3.86971,-12.5034,0.383854,0.800276,-0.0897713,-0.385845,-0.241773
1524969433845343346,2.83926,-4.11566,-7.92866,0.234614,0.776805,-0.141307,-0.419314,-0.264909
1524969433861887550,3.11425,-1.05316,-14.8394,0.454963,0.854931,-0.0202619,-0.352337,-0.0936776
1524969433870535461,3.2074,-1.34929,-15.1475,0.464485,0.850937,-0.0255059,-0.354424,-0.113923
1524969433878589422,2.72325,-4.19332,-5.18513,0.1594,0.752411,-0.193428,-0.457882,-0.278659
1524969433886865068,2.72202,-4.19412,-5.1888,0.159456,0.752411,-0.193394,-0.45778,-0.278712
1524969433895301749,2.80248,-4.14078,-7.94232,0.239974,0.775687,-0.142199,-0.418535,-0.266911
1524969433911980740,3.85344,-2.87334,-15.2429,0.467532,0.829966,-0.0541516,-0.37384,-0.180058
1524969433920470565,3.89512,-3.007,-14.9335,0.45805,0.827849,-0.0577534,-0.376799,-0.184539
1524969433928636550,2.92553,-4.05478,-8.75682,0.268874,0.783185,-0.128358,-0.41182,-0.258865
1524969433937053077,2.90881,-4.0668,-8.4296,0.254964,0.78132,-0.132769,-0.414935,-0.260252
1524969433945328540,2.95444,-4.03377,-10.2205,0.309923,0.788853,-0.112354,-0.399207,-0.255673
1524969433962226422,2.9554,-4.03306,-9.9467,0.30154,0.788122,-0.114916,-0.401419,-0.255865
1524969433970490780,2.95563,-4.0329,-9.95203,0.305521,0.788145,-0.114859,-0.401378,-0.255847
1524969433978620574,3.80199,-3.24729,-15.3579,0.471235,0.823297,-0.0610515,-0.375137,-0.197212
1524969433987063302,3.76931,-3.28517,-15.1533,0.4648,0.822116,-0.0626059,-0.375926,-0.199799
1524969433995373629,2.96442,-4.02644,-10.5303,0.323274,0.789972,-0.10931,-0.396945,-0.254847
1524969434012093838,3.19076,-3.84955,-12.4853,0.383207,0.801012,-0.089333,-0.386151,-0.240293
1524969434020515002,3.1884,-3.85151,-12.4864,0.383196,0.80094,-0.08938,-0.386125,-0.240437
1524969434028812873,3.12154,-3.90589,-12.499,0.383664,0.79887,-0.0907978,-0.385507,-0.244463
1524969434037050511,3.12262,-3.90503,-12.505,0.383808,0.798914,-0.0907353,-0.385481,-0.244396
1524969434045560980,3.15653,-3.87767,-12.5133,0.384156,0.799987,-0.0899271,-0.385708,-0.242358
1524969434062147657,3.12192,-3.90559,-12.5252,0.384451,0.798924,-0.0906209,-0.385358,-0.244428
1524969434070512943,3.1227,-3.90497,-12.5172,0.384197,0.798936,-0.090655,-0.385411,-0.244385
1524969434078915144,3.16513,-3.87065,-12.4368,0.381702,0.800133,-0.0902236,-0.386226,-0.241875
1524969434087135745,3.16511,-3.87067,-12.4367,0.381671,0.800132,-0.0902244,-0.386226,-0.241877
1524969434095007182,3.13435,-3.89562,-12.5522,0.385265,0.799356,-0.0901727,-0.385303,-0.243672
1524969434112099154,3.15873,-3.87587,-12.4952,0.383448,0.800027,-0.0899931,-0.385831,-0.242234
1524969434120568413,3.15497,-3.87894,-12.4882,0.383329,0.799898,-0.0901225,-0.385842,-0.242464
1524969434128695790,3.10745,-3.91711,-12.4651,0.382706,0.798375,-0.0913286,-0.385587,-0.245318
1524969434137308028,3.11351,-3.91229,-12.4777,0.38308,0.798585,-0.0911126,-0.385564,-0.244952
1524969434145256533,3.20165,-3.8405,-12.6005,0.386706,0.801534,-0.0883622,-0.385565,-0.239572
1524969434162125431,3.09328,-3.92831,-12.5347,0.384749,0.798042,-0.0911888,-0.385072,-0.246122
1524969434170336667,3.09337,-3.92824,-12.5234,0.384428,0.798027,-0.09126,-0.385137,-0.246122
1524969434178626822,3.14354,-3.88821,-12.4523,0.382273,0.799483,-0.0906089,-0.385957,-0.24317
1524969434187062600,3.14501,-3.88701,-12.4619,0.382527,0.799545,-0.090514,-0.385914,-0.243077
1524969434195460592,3.16988,-3.86677,-12.5456,0.385074,0.800456,-0.0894226,-0.385629,-0.241535
1524969434212114385,3.14979,-3.88315,-12.5803,0.386192,0.799883,-0.0896518,-0.385266,-0.242732
1524969434220245608,3.14977,-3.88316,-12.5801,0.38605,0.799882,-0.0896535,-0.385267,-0.242734
1524969434228782637,3.11647,-3.90994,-12.449,0.382123,0.798631,-0.0912334,-0.385754,-0.24479
1524969434237092898,3.11641,-3.90998,-12.449,0.382074,0.798629,-0.0912347,-0.385754,-0.244793
1524969434245291812,3.17292,-3.86427,-12.5934,0.386568,0.800626,-0.0890529,-0.385376,-0.241328
1524969434262211599,3.10223,-3.92125,-12.5269,0.384524,0.79831,-0.0910431,-0.385189,-0.245597
1524969434270541473,3.10329,-3.92041,-12.5297,0.384588,0.798348,-0.091002,-0.385181,-0.245532
1524969434278739651,3.15194,-3.8814,-12.5654,0.385606,0.799926,-0.0896986,-0.38537,-0.24261
1524969434287082140,3.1541,-3.87965,-12.5724,0.385982,0.800005,-0.0896061,-0.385346,-0.242477
1524969434295212572,3.16354,-3.87195,-12.6005,0.386717,0.800344,-0.0892178,-0.38526,-0.241893
1524969434312376251,3.14621,-3.88605,-12.4711,0.382902,0.799597,-0.0904282,-0.38587,-0.243001
1524969434320441701,3.12412,-3.90383,-12.1041,0.366411,0.798291,-0.0933523,-0.387876,-0.244512
1524969434328681810,2.94436,-4.04113,-9.97763,0.306326,0.787861,-0.114899,-0.40103,-0.256462
1524969434336753430,2.97608,-4.01783,-10.7073,0.328718,0.790774,-0.107489,-0.395765,-0.254044
1524969434345410140,3.36216,-3.7008,-14.758,0.452939,0.809251,-0.0733715,-0.375585,-0.228656
1524969434362214092,2.97543,-4.01831,-10.3173,0.312889,0.789775,-0.110944,-0.398697,-0.254396
1524969434370233268,2.97566,-4.01814,-10.3226,0.316894,0.789796,-0.11089,-0.398658,-0.254378
1524969434378889497,3.5214,-3.54961,-14.8072,0.454442,0.814206,-0.0697376,-0.376231,-0.21798
1524969434386930551,3.52144,-3.54957,-14.8071,0.454422,0.814207,-0.0697369,-0.376232,-0.217977
1524969434395354883,3.00265,-3.99801,-10.5729,0.324662,0.791287,-0.108001,-0.397054,-0.252627
1524969434412159613,3.123,-3.90473,-12.5202,0.384259,0.79895,-0.0906289,-0.385396,-0.244366
1524969434420332438,3.12301,-3.90472,-12.5203,0.384302,0.79895,-0.0906284,-0.385395,-0.244366
1524969434428963868,3.14622,-3.88604,-12.6682,0.388927,0.799909,-0.0891771,-0.384735,-0.242905
1524969434437172297,3.14621,-3.88605,-12.6682,0.38882,0.799908,-0.0891779,-0.384736,-0.242906
1524969434445633444,3.15608,-3.87804,-12.5146,0.384057,0.799975,-0.0899292,-0.385697,-0.242385
1524969434462109269,3.15079,-3.88233,-12.6373,0.387854,0.800003,-0.0892699,-0.384948,-0.242645
1524969434470550793,3.11663,-3.90981,-11.9964,0.364485,0.797866,-0.094261,-0.388474,-0.245017
1524969434478940778,3.47919,-3.591,-14.9581,0.458905,0.813058,-0.0700094,-0.375311,-0.220833
1524969434487089094,3.47922,-3.59096,-14.9582,0.459022,0.813059,-0.0700084,-0.375311,-0.22083
1524969434495468255,2.78391,-4.15329,-6.21195,0.18611,0.764164,-0.170395,-0.441369,-0.271754
1524969434512153558,3.52807,-3.54299,-15.0575,0.461971,0.814656,-0.068528,-0.375117,-0.217453
1524969434520546775,3.5099,-3.56099,-14.812,0.454514,0.813857,-0.0699705,-0.376146,-0.218772
1524969434529010913,2.99477,-4.00392,-10.5354,0.323421,0.790945,-0.108522,-0.397248,-0.25311
1524969434537071399,2.99477,-4.00392,-10.5355,0.323443,0.790945,-0.108522,-0.397247,-0.25311
1524969434545392091,3.03497,-3.97353,-10.3525,0.314125,0.79175,-0.109133,-0.399112,-0.250934
1524969434562220842,3.21785,-3.82694,-13.9645,0.428573,0.803903,-0.0802362,-0.378449,-0.238023
1524969434570242922,3.24333,-3.80537,-14.4044,0.442035,0.805197,-0.0774881,-0.376526,-0.2363
1524969434578916696,3.17141,-3.86551,-13.1076,0.402372,0.801345,-0.0859614,-0.382502,-0.241189
1524969434587224495,3.17137,-3.86554,-13.1075,0.402225,0.801343,-0.0859631,-0.382502,-0.241191
1524969434595518190,3.14607,-3.88616,-12.5122,0.383976,0.799658,-0.0901681,-0.38563,-0.242989
1524969434612064910,2.91967,-4.05901,-7.99012,0.245482,0.779685,-0.13808,-0.419964,-0.260298
1524969434620358020,2.9525,-4.03519,-9.02859,0.277273,0.785065,-0.124507,-0.409545,-0.256997
1524969434628589046,3.75531,-3.30116,-15.0675,0.462276,0.82161,-0.0632726,-0.376258,-0.200896
1524969434637271513,3.72071,-3.34011,-14.8562,0.455772,0.820351,-0.064937,-0.377084,-0.203578
1524969434645248377,2.98298,-4.01271,-10.3372,0.317334,0.790066,-0.110577,-0.39863,-0.253948
1524969434661970200,3.01928,-3.98547,-10.4153,0.319751,0.791416,-0.10897,-0.398442,-0.251794
1524969434670603309,3.04646,-3.96473,-11.0634,0.339602,0.793812,-0.102846,-0.393962,-0.249727
1524969434678743804,3.47617,-3.59392,-14.8165,0.45455,0.812825,-0.0706882,-0.375941,-0.221076
1524969434686890785,3.43243,-3.63571,-15.1015,0.459685,0.811758,-0.0703875,-0.374425,-0.223941
1524969434695482180,3.34092,-3.71998,-15.1493,0.464944,0.808981,-0.0720607,-0.373749,-0.229918
1524969434712078733,2.77224,-4.16109,-6.28302,0.18844,0.764349,-0.169495,-0.439998,-0.272199
1524969434720328464,2.77241,-4.16098,-6.28888,0.193196,0.764401,-0.169381,-0.43991,-0.272172
1524969434728577778,3.52128,-3.54973,-15.2025,0.46648,0.814585,-0.0680738,-0.374433,-0.217886
1524969434737234683,3.49899,-3.57171,-14.944,0.458582,0.813653,-0.0696413,-0.37548,-0.219486
1524969434745536351,3.03393,-3.97432,-10.5156,0.322825,0.792132,-0.107723,-0.397838,-0.250862
1524969434762267963,3.15424,-3.87953,-12.7216,0.390478,0.800241,-0.0886674,-0.384497,-0.242397
1524969434770369904,3.15423,-3.87954,-12.7216,0.390377,0.800241,-0.0886681,-0.384497,-0.242399
1524969434778719510,3.13643,-3.89394,-12.61,0.387013,0.799512,-0.0897599,-0.384989,-0.24352
1524969434787116365,3.10027,-3.92279,-11.9573,0.363181,0.797283,-0.0949071,-0.388572,-0.24601
1524969434795307068,2.82396,-4.12617,-8.11271,0.249179,0.77719,-0.139277,-0.416993,-0.265454
1524969434811891481,3.68971,-3.37432,-14.823,0.451341,0.819373,-0.0658127,-0.377076,-0.205909
1524969434820354444,3.66862,-3.39723,-15.2496,0.46781,0.819139,-0.0646065,-0.374966,-0.207366
1524969434828637538,3.01977,-3.9851,-10.7124,0.328864,0.792166,-0.106385,-0.396205,-0.251532
1524969434837259119,3.02059,-3.98448,-10.7148,0.328878,0.792198,-0.106344,-0.396196,-0.251483
1524969434845345051,3.1532,-3.88038,-12.6875,0.38939,0.800156,-0.0889028,-0.384682,-0.242476
1524969434861971024,3.16125,-3.87382,-12.6608,0.388518,0.800367,-0.0888909,-0.384897,-0.242003
1524969434870072648,3.15643,-3.87775,-12.6618,0.388547,0.800218,-0.0889916,-0.384853,-0.242294
1524969434878864486,3.1395,-3.89147,-12.6852,0.389241,0.799725,-0.0892187,-0.384586,-0.243301
1524969434887082883,3.13951,-3.89146,-12.6854,0.38938,0.799725,-0.0892173,-0.384585,-0.2433
1524969434895738577,3.15853,-3.87604,-12.7528,0.39138,0.800423,-0.0883797,-0.384354,-0.242125
1524969434911981969,3.10376,-3.92003,-12.6318,0.387694,0.798524,-0.0903381,-0.384605,-0.245455
1524969434920336523,3.07356,-3.94376,-11.9811,0.363936,0.796488,-0.095348,-0.388187,-0.247572
1524969434928735477,3.50815,-3.56271,-15.1175,0.463848,0.814102,-0.0687099,-0.374744,-0.218812
1524969434936963790,3.50817,-3.56269,-15.1175,0.463883,0.814103,-0.0687092,-0.374744,-0.218811
1524969434945459739,2.8948,-4.07678,-8.77041,0.269247,0.782256,-0.129056,-0.411227,-0.260578
1524969434961975054,3.11943,-3.90758,-12.7981,0.392745,0.799269,-0.0889537,-0.383798,-0.244447
1524969434970219998,3.12382,-3.90406,-12.7741,0.391983,0.79937,-0.0890074,-0.383965,-0.244196
1524969434978758511,3.13327,-3.89649,-12.7402,0.391065,0.799614,-0.0890124,-0.384228,-0.243648
1524969434986955383,3.13301,-3.89669,-12.7348,0.3871,0.799598,-0.0890516,-0.384256,-0.243666
1524969434995286304,3.16687,-3.86923,-12.5616,0.385531,0.800387,-0.0893893,-0.385512,-0.24171
1524969435012073682,3.14517,-3.88689,-12.7094,0.390153,0.799939,-0.0889432,-0.384494,-0.242949
1524969435020461831,3.14398,-3.88785,-12.7255,0.390597,0.799927,-0.0888688,-0.384394,-0.243013
1524969435028756471,3.13171,-3.89774,-12.8201,0.393512,0.799686,-0.0885515,-0.383771,-0.243705
1524969435036927419,3.11641,-3.90998,-12.4739,0.379113,0.798669,-0.0910731,-0.38561,-0.244781
1524969435045341548,3.56945,-3.50129,-15.0388,0.461462,0.815907,-0.0676933,-0.375419,-0.214564
1524969435062107174,2.61783,-4.25993,-4.54295,0.139696,0.740951,-0.212759,-0.468149,-0.287464
1524969435070650212,2.64904,-4.24059,-5.49359,0.16888,0.753219,-0.189477,-0.450272,-0.281497
1524969435078715372,3.68891,-3.3752,-15.4066,0.47262,0.8199,-0.0635369,-0.374358,-0.20583
1524969435087030999,3.665,-3.40114,-15.2093,0.4667,0.818991,-0.0648473,-0.375132,-0.207642
1524969435095437735,3.02322,-3.98248,-10.6982,0.328424,0.792241,-0.10642,-0.396347,-0.251342
1524969435112067853,3.09284,-3.92866,-12.8073,0.38386,0.798451,-0.0894692,-0.383541,-0.246018
1524969435120394140,3.09808,-3.92453,-12.8179,0.393443,0.798631,-0.0892907,-0.383523,-0.245704
1524969435128793180,3.14238,-3.88915,-12.7667,0.391843,0.799939,-0.0886485,-0.384151,-0.24309
1524969435137186582,3.11416,-3.91178,-12.1129,0.367938,0.797994,-0.0935195,-0.387736,-0.245101
1524969435145441677,2.89283,-4.07817,-8.20011,0.251844,0.779802,-0.136131,-0.417158,-0.261488
1524969435161962551,3.6792,-3.38578,-14.8665,0.456132,0.819095,-0.0658848,-0.376809,-0.206678
1524969435170418901,3.63392,-3.43434,-15.0925,0.459582,0.817931,-0.0660224,-0.375508,-0.20994
1524969435178769637,3.33103,-3.72884,-15.2906,0.469308,0.808808,-0.0716445,-0.373098,-0.230514
1524969435186896920,3.33103,-3.72884,-15.2907,0.469242,0.808808,-0.0716444,-0.373098,-0.230515
1524969435195352757,2.76502,-4.16589,-6.62546,0.199606,0.766683,-0.163656,-0.434703,-0.271683
1524969435212043167,3.69029,-3.37369,-14.9494,0.458646,0.819515,-0.0652888,-0.376474,-0.205834
1524969435220316215,3.62688,-3.44176,-14.9951,0.45661,0.817623,-0.0665773,-0.375923,-0.210474
1524969435228882999,3.15423,-3.87954,-13.403,0.41141,0.801214,-0.0846207,-0.380827,-0.242104
1524969435237047210,3.1542,-3.87956,-13.4029,0.411405,0.801213,-0.0846217,-0.380827,-0.242106
1524969435245394233,2.89234,-4.07853,-8.91567,0.273732,0.782731,-0.127437,-0.409768,-0.260532
1524969435262066771,3.177,-3.86091,-12.72,0.386672,0.80095,-0.0881734,-0.384684,-0.241021
1524969435270210897,3.17571,-3.86197,-12.7377,0.390967,0.800936,-0.0880929,-0.384574,-0.241091
1524969435278817904,3.15534,-3.87864,-12.8863,0.39551,0.800523,-0.0876325,-0.383586,-0.242257
1524969435286990481,3.15532,-3.87865,-12.8862,0.395502,0.800523,-0.0876334,-0.383587,-0.242257
1524969435295428548,3.12279,-3.90489,-12.6525,0.388272,0.799152,-0.0897912,-0.384639,-0.244315
1524969435312064014,3.14611,-3.88613,-12.8653,0.394896,0.800204,-0.0879611,-0.383631,-0.242821
1524969435320294885,3.14529,-3.88679,-12.8669,0.394991,0.80018,-0.087969,-0.383616,-0.24287
1524969435328891676,2.89432,-4.07712,-8.33658,0.252153,0.780456,-0.134349,-0.415699,-0.261201
1524969435337143868,2.89451,-4.07699,-8.34191,0.256192,0.780485,-0.134276,-0.415644,-0.261183
1524969435345383969,3.64067,-3.42718,-14.877,0.456457,0.817929,-0.0667431,-0.376551,-0.209503
1524969435362041671,3.00481,-3.99639,-10.8531,0.3332,0.792024,-0.105565,-0.395019,-0.25229
1524969435370392134,3.00502,-3.99623,-10.8447,0.332951,0.792012,-0.10563,-0.395082,-0.252283
1524969435378681380,3.14589,-3.88631,-12.7366,0.390988,0.800003,-0.0887578,-0.384346,-0.242893
1524969435387081245,3.14802,-3.88458,-12.7465,0.39122,0.800085,-0.08865,-0.384308,-0.24276
1524969435395328404,3.16387,-3.87168,-12.8591,0.394687,0.800749,-0.0876111,-0.383802,-0.241754
1524969435412290045,3.0863,-3.9338,-12.6931,0.389594,0.798072,-0.0903276,-0.384122,-0.246456
1524969435420605138,3.08629,-3.9338,-12.6932,0.389641,0.798072,-0.0903269,-0.384122,-0.246457
1524969435428920311,3.20382,-3.83869,-12.8985,0.395961,0.802054,-0.0864932,-0.383888,-0.239304
1524969435437230284,3.2038,-3.83871,-12.8984,0.395822,0.802053,-0.0864941,-0.383888,-0.239305
1524969435445237735,2.96429,-4.02654,-10.3719,0.314558,0.789565,-0.110726,-0.398145,-0.254985
1524969435462188648,3.64358,-3.42408,-14.9985,0.460128,0.818137,-0.0661799,-0.375995,-0.209261
1524969435470416176,3.64359,-3.42407,-14.9987,0.46024,0.818137,-0.0661792,-0.375994,-0.20926
1524969435478716533,2.91897,-4.05951,-9.03869,0.277527,0.784033,-0.125315,-0.408971,-0.258886
1524969435486929993,2.91899,-4.0595,-9.03868,0.277576,0.784034,-0.125314,-0.408971,-0.258885
1524969435495611748,3.15009,-3.88291,-12.7227,0.390446,0.800113,-0.0887523,-0.384458,-0.242647
1524969435512030742,3.16143,-3.87367,-12.8712,0.395018,0.800691,-0.087591,-0.383716,-0.241896
1524969435520433634,3.15979,-3.87501,-12.8768,0.395203,0.800648,-0.0875928,-0.383673,-0.241992
1524969435528780393,3.11515,-3.91099,-12.8265,0.393666,0.799178,-0.0888701,-0.383607,-0.244688
1524969435536937103,3.11518,-3.91097,-12.8266,0.393729,0.799179,-0.088869,-0.383607,-0.244687
1524969435545435864,3.15351,-3.88013,-12.8788,0.395325,0.800455,-0.0877175,-0.383613,-0.24237
1524969435562368322,3.49492,-3.57569,-15.4234,0.473299,0.813979,-0.0677341,-0.373337,-0.219642
1524969435570435354,3.49494,-3.57567,-15.4233,0.473223,0.813979,-0.0677341,-0.373338,-0.219641
1524969435578808093,2.93064,-4.05109,-8.48942,0.260698,0.78227,-0.131405,-0.414644,-0.258932
1524969435586935247,2.93064,-4.05109,-8.4894,0.260714,0.78227,-0.131405,-0.414644,-0.258932
1524969435595380334,3.15287,-3.88064,-12.8981,0.39592,0.800464,-0.0876143,-0.383502,-0.2424
1524969435612256955,3.1144,-3.91159,-12.7464,0.391189,0.799033,-0.0893841,-0.384045,-0.24477
1524969435620392868,3.10265,-3.92091,-12.4285,0.377712,0.798165,-0.0916729,-0.38576,-0.24562
1524969435628536222,3.02863,-3.97837,-10.5966,0.320344,0.792165,-0.107155,-0.397165,-0.251107
1524969435637244019,3.05312,-3.95961,-11.244,0.345205,0.794411,-0.101261,-0.392778,-0.249216
1524969435645437433,3.43158,-3.63652,-14.9166,0.457636,0.811552,-0.071206,-0.375245,-0.224047
1524969435662449018,3.01133,-3.99148,-10.9461,0.336014,0.792443,-0.10464,-0.394424,-0.251847
1524969435670142809,3.01136,-3.99145,-10.9462,0.336107,0.792444,-0.104638,-0.394424,-0.251844
1524969435679099811,3.17675,-3.86112,-12.9477,0.397398,0.801282,-0.0867943,-0.383411,-0.240934
1524969435686946868,3.17679,-3.86109,-12.9477,0.397416,0.801283,-0.0867936,-0.383411,-0.240932
1524969435695387665,2.99863,-4.00103,-10.4424,0.316697,0.790833,-0.109246,-0.397998,-0.252963
1524969435711869763,3.61322,-3.4561,-15.0675,0.462345,0.817275,-0.0665936,-0.375516,-0.21144
1524969435720526461,3.57617,-3.49443,-15.3331,0.470386,0.816389,-0.0663509,-0.37413,-0.214017
1524969435728629281,2.94257,-4.04243,-9.1135,0.279796,0.785053,-0.12384,-0.408595,-0.257462
1524969435737198716,2.94354,-4.04173,-9.12635,0.28024,0.78513,-0.123672,-0.408488,-0.257392
1524969435745391335,3.1534,-3.88021,-12.9561,0.397578,0.800565,-0.0872522,-0.383188,-0.242342
1524969435762620809,3.11957,-3.90746,-12.7746,0.392143,0.799238,-0.0890965,-0.383929,-0.244449
1524969435770367168,3.11936,-3.90763,-12.7691,0.388061,0.799223,-0.089135,-0.383958,-0.244464
1524969435778608317,3.1709,-3.86593,-12.9049,0.396113,0.801036,-0.0871801,-0.383602,-0.241308
1524969435787327504,3.16627,-3.86972,-12.9116,0.396296,0.800902,-0.0872407,-0.38353,-0.241585
1524969435795220837,3.09864,-3.92408,-12.9268,0.396847,0.79881,-0.088607,-0.382934,-0.24562
1524969435812076385,3.185,-3.85432,-12.8459,0.394264,0.801389,-0.0872263,-0.384037,-0.240478
1524969435820290594,3.18186,-3.85691,-12.8492,0.394245,0.801296,-0.0872755,-0.383995,-0.240667
1524969435828731806,3.14352,-3.88822,-12.955,0.397675,0.800255,-0.0874727,-0.38312,-0.242937
1524969435837050509,3.14327,-3.88843,-12.9497,0.393601,0.800239,-0.0875104,-0.383147,-0.242954
1524969435845413121,3.134,-3.8959,-12.8147,0.393345,0.79975,-0.0885351,-0.383819,-0.24357
1524969435862200080,2.89615,-4.07582,-8.57375,0.263323,0.781516,-0.131365,-0.413235,-0.260764
1524969435870558981,2.92932,-4.05205,-9.53084,0.292688,0.786035,-0.119743,-0.404617,-0.257753
1524969435878659911,3.60584,-3.4638,-14.9369,0.458328,0.816923,-0.0672959,-0.376082,-0.212003
1524969435887030764,3.58638,-3.48395,-15.3647,0.471373,0.81673,-0.0660012,-0.37404,-0.213286
1524969435895461236,2.82512,-4.12537,-6.58996,0.198531,0.768387,-0.162259,-0.436474,-0.268444
1524969435911888777,3.61765,-3.45146,-14.9295,0.458051,0.817277,-0.0670571,-0.37618,-0.211156
1524969435920492640,3.55864,-3.51227,-14.9756,0.455933,0.815515,-0.0681967,-0.375652,-0.215341
1524969435928759092,2.81029,-4.13549,-6.68088,0.205154,0.768549,-0.161207,-0.434837,-0.269045
1524969435928759092,2.81029,-4.13549,-6.68088,0.205154,0.768549,-0.161207,-0.434837,-0.269045
1524969435928759092,2.81029,-4.13549,-6.68088,0.205154,0.768549,-0.161207,-0.434837,-0.269045
1524969435928759092,2.81029,-4.13549,-6.68088,0.205154,0.768549,-0.161207,-0.434837,-0.269045
1524969435928759092,2.81029,-4.13549,-6.68088,0.205154,0.768549,-0.161207,-0.434837,-0.269045
1524969435928759092,2.81029,-4.13549,-6.68088,0.205154,0.768549,-0.161207,-0.434837,-0.269045
1524969435928759092,2.81029,-4.13549,-6.68088,0.205154,0.768549,-0.161207,-0.434837,-0.269045
1524969435928759092,2.81029,-4.13549,-6.68088,0.205154,0.768549,-0.161207,-0.434837,-0.269045
1524969435928759092,2.81029,-4.13549,-6.68088,0.205154,0.768549,-0.161207,-0.434837,-0.269045
1524969435928759092,2.81029,-4.13549,-6.68088,0.205154,0.768549,-0.161207,-0.434837,-0.269045
1524969435928759092,2.81029,-4.13549,-6.68088,0.205154,0.768549,-0.161207,-0.434837,-0.269045
1524969435928759092,2.81029,-4.13549,-6.68088,0.205154,0.768549,-0.161207,-0.434837,-0.269045
1524969435928759092,2.81029,-4.13549,-6.68088,0.205154,0.768549,-0.161207,-0.434837,-0.269045
